import numpy as np
from ortools.constraint_solver import routing_enums_pb2
from ortools.constraint_solver import pywrapcp
import googlemaps

import config

# locations=0. New York - 1. Los Angeles - 2. Chicago - 3. Minneapolis - 4. Denver - 5. Dallas - 6. Seattle - 7. Boston - 8. San Francisco - 9. St. Louis - 10. Houston - 11. Phoenix - 12. Salt Lake City

locations=[(456, 320), # location 0 - the depot
(228, 0),    # location 1
(912, 0),    # location 2
(0, 80),     # location 3
(114, 80),   # location 4
(570, 160),  # location 5
(798, 160),  # location 6
(342, 240),  # location 7
(684, 240),  # location 8
(570, 400),  # location 9
(912, 400),  # location 10
(114, 480),  # location 11
(228, 480),  # location 12
(342, 560),  # location 13
(684, 560),  # location 14
(0, 640),    # location 15
(798, 640)]  # location 16
def compute_euclidean_distance_matrix(locations):
    """Creates callback to return distance between points."""
    distances = {}
    for from_counter, from_node in enumerate(locations):
        distances[from_counter] = {}
        for to_counter, to_node in enumerate(locations):
            if from_counter == to_counter:
                distances[from_counter][to_counter] = 0
            else:
                # Euclidean distance
                distances[from_counter][to_counter] = (int(
                    math.hypot((from_node[0] - to_node[0]),
                               (from_node[1] - to_node[1]))))
    return distances





def create_data_model():
    """Stores the data for the problem."""
    data = {}
    data['distance_matrix'] = [
        [0, 2451, 713, 1018, 1631, 1374, 2408, 213, 2571, 875, 1420, 2145, 1972],
        [2451, 0, 1745, 1524, 831, 1240, 959, 2596, 403, 1589, 1374, 357, 579],
        [713, 1745, 0, 355, 920, 803, 1737, 851, 1858, 262, 940, 1453, 1260],
        [1018, 1524, 355, 0, 700, 862, 1395, 1123, 1584, 466, 1056, 1280, 987],
        [1631, 831, 920, 700, 0, 663, 1021, 1769, 949, 796, 879, 586, 371],
        [1374, 1240, 803, 862, 663, 0, 1681, 1551, 1765, 547, 225, 887, 999],
        [2408, 959, 1737, 1395, 1021, 1681, 0, 2493, 678, 1724, 1891, 1114, 701],
        [213, 2596, 851, 1123, 1769, 1551, 2493, 0, 2699, 1038, 1605, 2300, 2099],
        [2571, 403, 1858, 1584, 949, 1765, 678, 2699, 0, 1744, 1645, 653, 600],
        [875, 1589, 262, 466, 796, 547, 1724, 1038, 1744, 0, 679, 1272, 1162],
        [1420, 1374, 940, 1056, 879, 225, 1891, 1605, 1645, 679, 0, 1017, 1200],
        [2145, 357, 1453, 1280, 586, 887, 1114, 2300, 653, 1272, 1017, 0, 504],
        [1972, 579, 1260, 987, 371, 999, 701, 2099, 600, 1162, 1200, 504, 0],
    ]  # yapf: disable
    data['num_vehicles'] = 1
    data['depot'] = 0
    return data


def routing_solution(manager, routing, solution):
    """Prints solution on console."""
    print('Objective: {} miles'.format(solution.ObjectiveValue()))
    index = routing.Start(0)
    plan_output = 'Route for vehicle 0:\n'
    route_distance = 0
    while not routing.IsEnd(index):
        plan_output += ' {} ->'.format(manager.IndexToNode(index))
        previous_index = index
        index = solution.Value(routing.NextVar(index))
        route_distance += routing.GetArcCostForVehicle(previous_index, index, 0)
    plan_output += ' {}\n'.format(manager.IndexToNode(index))
    print(plan_output)
    plan_output += 'Route distance: {}miles\n'.format(route_distance)


def obtain_routes():
    """Entry point of the program."""
    # Instantiate the data problem.
    data = create_data_model()

    # Create the routing index manager.
    manager = pywrapcp.RoutingIndexManager(len(data['distance_matrix']),
                                           data['num_vehicles'], data['depot'])

    # Create Routing Model.
    routing = pywrapcp.RoutingModel(manager)


    def distance_callback(from_index, to_index):
        """Returns the distance between the two nodes."""
        # Convert from routing variable Index to distance matrix NodeIndex.
        from_node = manager.IndexToNode(from_index)
        to_node = manager.IndexToNode(to_index)
        return data['distance_matrix'][from_node][to_node]

    transit_callback_index = routing.RegisterTransitCallback(distance_callback)

    # Define cost of each arc.
    routing.SetArcCostEvaluatorOfAllVehicles(transit_callback_index)

    # Setting first solution heuristic.
 # Setting first solution heuristic.
    search_parameters = pywrapcp.DefaultRoutingSearchParameters()
    search_parameters.first_solution_strategy = (
            routing_enums_pb2.FirstSolutionStrategy.PARALLEL_CHEAPEST_INSERTION)

        # search for global if intended
    if config.SEARCH_STRATEGY == 'GLOBAL':
            search_parameters.local_search_metaheuristic = (
                routing_enums_pb2.LocalSearchMetaheuristic.GUIDED_LOCAL_SEARCH)

    search_parameters.log_search = config.LOG_SEARCH
    search_parameters.time_limit.seconds = data['time_limit_seconds']

        # Solve the problem.
    solution = routing.SolveWithParameters(search_parameters)

        # Return solution in the form of a response.
    if solution:
        return routing_solution(manager, routing, solution)
    else:
        return "ERROR"    

   

